% 129.127.4.98 Tuesday 26th June 2018 11:30:48 PM
ff_:=tp mat((u2
,-u1+u7*gamma*u2+u7*alpha*u3*u1
,u4
,-4*u3-u7*beta*u4 +u7*u5 +u7*u1^2*d^2 +u7*2*d^3*u1^2*u3
,u6
,-4*u5
,0));
freqm_:=mat((1,-1,2,-2,2,-2,0));
ee_:=tp mat((1,i,0,0,0,0,0),(1,-i,0,0,0,0,0),
(0,0,1,2*i,0,0,0),(0,0,1,-2*i,0,0,0),(0,0,0,0,1,2*i,0),(0,0,0,0,1,-2*i,0),
(0,0,0,0,0,0,1));
zz_:=tp mat((1,i,0,0,0,0,0),(1,-i,0,0,0,0,0),
(0,0,1,2*i,0,0,0),(0,0,1,-2*i,0,0,0),(0,0,0,0,1,2*i,0),(0,0,0,0,1,-2*i,0),
(0,0,0,0,0,0,1));
toosmall:=3;
factor small,s(7);
end;